343133317
522334724
531492667
610853864
625118619
661237329
710811830
791356168
804209453
807595575
848108952
858230817
877503581
906223559
934243610
1033379583
1047403252
1077339753
1310978404
1379864237
1396499059
1463145888
1531150220
1616432087
1620345290
1757568165
1841251483
1911364753
1958154342
1981524928
2023787403
2097696322
2114384688
2126171125
5060217718
5100778062
5113926181
5127186303
5130700947
5135453261
5166468322
5167128162
5191528210
5249998939
5256562262
5290672679
5457897121
5487251637
5517950085
5589066894
5597408806
5616659438
5643146743
5645202492
5740603795
5769878161
5800096332
5877946050
5893098519
5919245487
5970945445
5987786861
6099686152
6166561447
6166874994
6188023003
6344551938
6435969106
6478215653
6504508755
6567968387
6599329783
6602316888
6634456460
6800643463
7157058756
7233184740
7296334638
7341587370
7423731910
7486408693
7529953450
7644355342
7736533706
7754047193
7789086443
7816794857
7898606735
7936095831
8027603187
8034504247
8082953443
8168260163
8215352178
8246898583
8276924808
8324810643
8395388257
8425741343
8428339856
8461797034
